SEQUENCE: caauauuuauuaauaucuuccggauauuaauaaauauug
SCORE:     score     fa_atr     fa_rep    fa_intra_rep    lk_nonpolar    fa_elec_rna_phos_phos    rna_torsion    suiteness_bonus    rna_sugar_close    fa_stack    stack_elec    geom_sol_fast    hbond_sr_bb_sc    hbond_lr_bb_sc    hbond_sc        ref    free_suite    free_2HOprime    intermol    other_pose    loop_close    linear_chainbreak    N_BS    N_NWC    N_WC description
REMARK BINARY SILENTFILE    FULL_MODEL_PARAMETERS  FULL_SEQUENCE caauauuuauuaauaucuuccggauauuaauaaauauug  CONVENTIONAL_RES_CHAIN A:1-39  WORKING 1-39
SCORE:   -50.330   -127.935     31.873           1.458         -8.765                   -1.370         18.734              0.000              2.205     -87.375        -8.575           35.356            -0.802             0.000     -46.525    141.320         0.000            0.000       0.000         0.000         0.000                0.071      45        0      18    S_000001
FOLD_TREE  JEDGE 1 39 1  C2   C4   END  EDGE 39 38 -1  JEDGE 38 2 2  C2   C4   END  EDGE 2 3 -1  EDGE 3 4 -1  EDGE 4 5 -1  JEDGE 3 37 3  C4   C2   END  JEDGE 4 36 4  C2   C4   END  JEDGE 5 35 5  C4   C2   END  EDGE 35 34 -1  JEDGE 34 6 6  C4   C2   END  EDGE 6 7 -1  JEDGE 7 33 7  C2   C4   END  EDGE 33 32 -1  JEDGE 32 8 8  C4   C2   END  EDGE 8 9 -1  EDGE 9 10 -1  EDGE 10 11 -1  JEDGE 9 31 9  C4   C2   END  JEDGE 10 30 10  C2   C4   END  JEDGE 11 29 11  C2   C4   END  EDGE 29 28 -1  JEDGE 28 12 12  C2   C4   END  EDGE 28 27 -1  JEDGE 27 13 13  C2   C4   END  EDGE 13 14 -1  JEDGE 14 26 14  C2   C4   END  EDGE 26 25 -1  JEDGE 25 15 15  C2   C4   END  EDGE 25 24 -1  JEDGE 24 16 16  C4   C2   END  EDGE 16 17 -1  JEDGE 17 23 17  C2   C4   END  EDGE 23 22 -1  JEDGE 22 18 18  C4   C2   END  EDGE 22 19 -1  S_000001
RT -0.976338 0.0635872 -0.206689 0.109132 0.970034 -0.21708 0.186692 -0.2345 -0.954021 5.93446 -0.945561 -1.2497   S_000001
RT -0.983207 0.170988 -0.0637656 0.179656 0.968274 -0.173692 0.0320433 -0.182231 -0.982733 6.0426 -1.256 -0.724949   S_000001
RT -0.975838 0.0427212 -0.214277 0.0951279 0.965942 -0.240638 0.196699 -0.255207 -0.946667 5.71088 0.169235 -1.48298   S_000001
RT -0.995682 0.0352484 -0.085876 0.0611768 0.944949 -0.321449 0.0698178 -0.325315 -0.943025 5.7563 -0.795501 -1.34949   S_000001
RT -0.875266 0.265327 0.404365 0.086186 0.908268 -0.409415 -0.475901 -0.323496 -0.817844 6.25666 -0.0317601 0.0696057   S_000001
RT -0.9859 0.151765 -0.0704826 0.161906 0.971575 -0.172706 0.0422685 -0.181683 -0.982448 6.20921 0.106699 -0.508367   S_000001
RT -0.988443 0.145103 -0.0438915 0.150104 0.977317 -0.149398 0.0212178 -0.15426 -0.987802 6.0445 -1.09248 -0.463548   S_000001
RT -0.975518 0.184999 0.118914 0.168538 0.976244 -0.136171 -0.14128 -0.112795 -0.983523 6.1964 -0.0394209 -0.270167   S_000001
RT -0.979537 0.148526 -0.135824 0.165114 0.978908 -0.120314 0.115089 -0.140279 -0.9834 6.0537 0.0460301 -0.901683   S_000001
RT -0.977813 0.147469 -0.148775 0.158894 0.98495 -0.0680167 0.136505 -0.0901471 -0.986529 5.92572 -1.12057 -1.4272   S_000001
RT -0.979688 0.120189 -0.160517 0.148495 0.972773 -0.177939 0.13476 -0.198161 -0.970861 5.8907 -1.05192 -1.36502   S_000001
RT -0.976302 0.0635783 -0.206861 0.136233 0.923264 -0.3592 0.16815 -0.378869 -0.910046 5.90712 -1.07795 -1.32034   S_000001
RT -0.972641 0.186923 -0.13795 0.226526 0.894829 -0.384665 0.051539 -0.40539 -0.91269 6.07341 -1.37862 -0.799001   S_000001
RT -0.987348 0.128384 -0.0930628 0.156488 0.883641 -0.441237 0.0255864 -0.450218 -0.892552 5.96293 -1.04395 -0.73353   S_000001
RT -0.974003 0.168603 -0.151296 0.211868 0.914393 -0.344959 0.0801829 -0.368046 -0.926344 6.00498 -1.30548 -0.885982   S_000001
RT -0.97413 0.140356 0.177118 0.073359 0.937702 -0.339607 -0.21375 -0.317828 -0.92374 6.06048 0.10131 -0.328218   S_000001
RT -0.988704 0.141333 -0.049888 0.144121 0.987884 -0.0575644 0.0411478 -0.0641041 -0.997095 6.02653 -1.05271 -0.857026   S_000001
RT -0.932467 0.222379 0.284697 0.286127 0.935733 0.20624 -0.220537 0.273771 -0.936169 5.61877 -2.2679 -0.198653   S_000001
ANNOTATED_SEQUENCE: c[RCY:LowerRNA:rna_cutpoint_lower:Virtual_Phosphate]a[RAD:rna_cutpoint_upper]aua[RAD:rna_cutpoint_lower]u[URA:rna_cutpoint_upper]u[URA:rna_cutpoint_lower]u[URA:rna_cutpoint_upper]auu[URA:rna_cutpoint_lower]a[RAD:rna_cutpoint_lower:rna_cutpoint_upper]a[RAD:rna_cutpoint_upper]u[URA:rna_cutpoint_lower]a[RAD:rna_cutpoint_lower:rna_cutpoint_upper]u[URA:rna_cutpoint_upper]c[RCY:rna_cutpoint_lower]u[URA:rna_cutpoint_lower:rna_cutpoint_upper]u[URA:rna_cutpoint_upper]ccgg[RGU:rna_cutpoint_lower]a[RAD:rna_cutpoint_upper]ua[RAD:rna_cutpoint_lower]u[URA:rna_cutpoint_upper]ua[RAD:rna_cutpoint_lower]a[RAD:rna_cutpoint_lower:rna_cutpoint_upper]u[URA:rna_cutpoint_lower:rna_cutpoint_upper]a[RAD:rna_cutpoint_upper]a[RAD:rna_cutpoint_lower]a[RAD:rna_cutpoint_upper]u[URA:rna_cutpoint_lower]a[RAD:rna_cutpoint_lower:rna_cutpoint_upper]u[URA:rna_cutpoint_lower:rna_cutpoint_upper]u[URA:rna_cutpoint_upper]g[RGU:UpperRNA] S_000001
NONCANONICAL_CONNECTION: 2  P   1  O3'
NONCANONICAL_CONNECTION: 6  P   5  O3'
NONCANONICAL_CONNECTION: 8  P   7  O3'
NONCANONICAL_CONNECTION: 12  P   11  O3'
NONCANONICAL_CONNECTION: 13  P   12  O3'
NONCANONICAL_CONNECTION: 15  P   14  O3'
NONCANONICAL_CONNECTION: 16  P   15  O3'
NONCANONICAL_CONNECTION: 18  P   17  O3'
NONCANONICAL_CONNECTION: 19  P   18  O3'
NONCANONICAL_CONNECTION: 24  P   23  O3'
NONCANONICAL_CONNECTION: 27  P   26  O3'
NONCANONICAL_CONNECTION: 30  P   29  O3'
NONCANONICAL_CONNECTION: 31  P   30  O3'
NONCANONICAL_CONNECTION: 32  P   31  O3'
NONCANONICAL_CONNECTION: 34  P   33  O3'
NONCANONICAL_CONNECTION: 36  P   35  O3'
NONCANONICAL_CONNECTION: 37  P   36  O3'
NONCANONICAL_CONNECTION: 38  P   37  O3'
LoiRS8+O7d7LE/NbPrY6/+Klqn5DV5m6Pfy+v+Oims/7VpgjvRgay/0MNe6b91XVPq/SDAxbn19TVJGSvWiHbA1Wwb9jhsdjPSpPfAd6Ja7TRjV8PgkajAFWno47qixyv7+wlABhBs6jCL0/vaesoANiOV7LnIn8Pv6YtA9dJb7rz+aiPOvGlARhCm876HAFwFnCwABLt7+LPDuEwImD1Ad89b8Tp+UYPa1NlA1QKg/LbLNAQ7e7sAFAwoA8mtQCQCda2AJGwRA8SMcCQl20pAVK42BsXp/DQObGfANWxGC8s/vDQkzrZABKqtC866hFQE1HPAp+fVBMG9rBQEXaVApWMIAcmP9/PdLW6/MdJH/DqtMyPwrnAAVB9q+zMA32vEckgAREQu/TCtJZvrPedAFyxJ+LXb51vcTIvAhSDC37H8ABQeOsxA1Evq+r1mqhvXHI0A5aoL+zYZ30vsCaKAdDL3CsegZFQXxciAJsNBDMSh/GQ9ad8/8QEpBs6rfBQVafJAFLl2+7+Zu8P S_000001
L9tGlABrDm8LRHAFwKZFYAlJRL/bNHMEwdwZlAVHqN5jMc8IwSnCwA1Jt7+LHDuEwG3M6Ad2FI9rPq8EwB5oBBxoYd/L50pDwBQLBBdpcMAsgKV8vPQ2BBNOxAB8VN6GwPvJEBho3zA8YeBKwiWIDBFz1hBspNo7vZvNFBRNl6BsEXWDwS+wlARgBs6DjL0/vOFvKBtV+mB85loDwR0w8AhuoAEM8mU0Pz/CDBtzlwDMpyyrPwmBEB11ALD8FjDmvFw6+A1z70C88ausvM/t0ARv7BDMoDnSvmNvzAR0QqD8MZRxPwUbqAVPs6DcqP13PVGOtAh5EjCsS7XsvMU8yApYeEC8nw22vE5u9AZO6MCsnpS3vf4R6Aha/o1zbhGCwQ8b7ANsy16buneIwuKRFBJbnS+LWZgEwTMx7ARx1bB82IzHw1gfGBJp7oB8ZTD0vw47EBljMfCsgEfEwa9hLBZVaKBs3FIHwB+kGBFXXCEswswwPBQPqAxJvLEcOOb7PispjARrQqDckcv1PZKcvAlUVNB80Ij6v S_000001
LSFCCB1bSrBMkwfMwsNf4AdWI8B8KPIMwPK7DBZ84ABc6V+Owg1HFBFbwhCM3tKMwOo1KBJ4TjCsZpWMwDV6MBNvNMD84mJLwtA9KBFkHQDc9ibIwyk7KBBpj0DMV0gMw3S3NBhgd9DcO63OwfB+JB9ZG8Dsq7tHwjrnLBBx7KEcu7UKw82/QBxzVREMFvBKwel34AtTzsEcsR96vq3rBBRs5uE8D5s8vU2+EBllRiEcE1EBwlnUCB1DgREc07HDwHa15AhdNNEcY+lCwyRwzAFMtbEsJKJ/vC4RpAFWcZEsvdT9vgUI3AtQK1Dc0USFwSsGABtxBoDcT0UHwQ6XEBFzCBEMqdJGwD6mMBBvwHCcv1TLwDmFMBxfLhCswZdOwfDSRB9knJDcZ/VLwIgwGB1XhyDc2uMNw8FZMBlu9DEcW5WEwbcaJBt3xZEMEdvKw3i9SBVO9OE8xqvLw4kiDBJvI9EsOgH5vjMYlA9HTkEcfP54vvuVlABx6MEccbKAw6KeABNexKDcr/3Iw S_000001
LFL2KBtHBJEM+9sQwbh0FBVft5Dsft7Qw3SzOB5EWLEsClzRwe/YJBtIigEc8sNQwp9iNBtEuvEcff3PwfXPLBBJpDFcEFnOwh38IBdxh+Es8SBMw8woGBlu7NFc0CEQwTBWIBRlhaFscTKRwtOeEB1UDMF8qtjLw9d8DBxlHbFMva9NwNwrGBVOcuFcqDcNwxeQ/AddA/EsEWJLw5dE3A1U7HF8XgqJwg4j3Ahn0ZF8J4tIwdNPuA5OK7EM5vVJwvmusAxL4mEMcVVKwzDPkANGldEcKZ5Jwexh1ANjseEMjl2LwJ4R+AFUsqEsvqMMwJVhQBp+ooEM6vgOw+LqPBJZA0E8LH3Qwi8nOBhg4OF8FJjOwGa5DBdGUCFsPmhQwO17EBNzLWFMsmxJwvku/A9mAgF8XNgOweuBJBdiEyFM5t/OweuNoA9HSBFMw/QIwf+F1AlklOE8DMvMw2reCBxpGkEM0vXNw S_000001
LcZhEBh73cFsyKcSwdT0BBpPHIFMzitSwUxpHBhbdnFcorgTwR4CAB95BtFsmH9Rw2tYBB5qKBGcn0kRwNNE5AJBpGGs53BRwYaL1ABQvAGc0cvPwK+avARMaGGshi8RwxM0vABbiNG8esCTwNZDqAdFRCGsW+hPw0namAdKzIGcHL+QwcqTmAFYeNGcvZIUwcK2aARQ8UG8l2eTwJa3lABOuTGcJRnQwNXma/4GYdFMT7GNwb6Pp/E54xFsf76Mw3yIHA9S96FcxClNwJp0UA5zTsF8qpjOw2yBRA1vqWFcZD4OwZ8g5/gSDPFskzFOwJXkt/sRo6E85qQOw+XZhApmjMFcwO9PwLJXoAtIDcFstbIQwhSqkAlMuvFM9adPwkJlEBNgEBGcFc0Qwvw7CBxbmFGcFYcSwEhy7Aty1OGM/h0QwLWNuA1TV9FsMkcSwZWmnApUuGGMvJvNw8k9cARq9GGcgsYRwlM9oAB+LYGMhTWRwoU5B/ooz8F8+7GMw4QjA/4/O2E83kqNwqp6AAFYsvEcDy+OwSMbwAhUiZFMy5iQw S_000001
LRwTmA9VeNGcfZIUw/u5hAp+cCGcadMUw0sEqABwuSG8yPYVwMY2aAhO8UGsM2eTwpLqHAJDYXG8MMNUwwOqp/44tXGsvgRTw3Chv/oyQQGM1SLSwEH+276URUGMi25Twj/fF/+RmcG8JDrUw6Ooe+My0LGs/c0Rw2AEV/eMBRGseOsSwlT0vAFYiNGcXsCTwj+Ds/GQ0ZGs8EASwhpYo+MBKAGMzo/RwdxtL/iEN0FM2VaRw/Dnz/SeE8FcOhzQw+wjD/CRjeF8zmkRw2hK4+Yr7TFsX/PSwGDg6+40OAFM+8OSwsflt/kNihFs9Y2SwnFtq/wBt2F8F+sSwOFSJA50HfGsF1tUw7s3EANCURGcIC/Uwovnn/cEKgGsc/9Swdoxy9Y5nNGsbenUwi+hK9uqQNGswexQw5hT2/SjDMGMKK9SweExv/S88fGcAhoSwcxdo/ONdVFcmvJRwDqBEAFyiaFcfjbTwzgnBARVcAG8R3KTw S_000001
L51Cx/ONnZGM8J6Vwko5g/2OtPGcONkWw9Jw3/WdcjGsy7tWwoaROA7Q9WGcFrKVw1rldA3FWQGcEUxVwghEnAzkHNG8pHxUwtLEiAP+5HGMNRoTwF6WuAXFrEG8NzVVwntS2ADKhJGc1jJWwaj7nAbUl9FcrLRTwZRNyAHrx9F8eLGUw/7F6A7TtDG8GigXwvS4ABvlt0Fso3/WwbnV6AHjWEGMwhZTwwNYhA/IgqFsl4jTwMTDlA/XyWF8bQHTw3tUtAbQnUFM7AfSw8xQdA7mqFFMqmbTwLjNKArgKGFsrvIUwV4YAA7mb1EswcVUwo2qDAD4CbFMmtjUwuN0PA75EsFspxQUwBVoiAPVjUGM86mWwf52VAj7KJGsQ+LWw1wPrAb2nUGMhuhUwBnQqAP289F8cQAWworVqA7on8F8xmNSw9zu1AHPEuFcCgUUw6Rc+Anx9IG8ERCUwYrHhADjR3E8dxHTwsFbp/eMIdFcJ/HVwhKfKAfX/7Fc8DmUw S_000001
LmyF6A/KtDG8IigXwoBnwAXzV9F8PvEYwk5RABTflLGcMzIYw4S4ABXlt0F8b3/WwWk6FBjES5Fc+HXWwn3SIBLCClFM6pyVwTDoEBvf8bFcmM0UwfzFJBDZ9SFMfLyWwmc0NBX5gVF8OfjXw8RxEBn9WFFcPI4UwivJJBnyZ/EcJ+3Vw0sS2A3KhJGMJkJWwJhAOBD7a8EMILLVwKq/+AnMl9Es8PUVwSyd8AXRRoE8uqDVwsTPBB3FFcEs11dUwbdoyAfewhEcVahVwrmOrADO8tE8n6MWwgw0iAvuklEc8IlWwybWuArZzDFMsyaWwO123Az9rKFsgi+VwLgWFBrZiCGciujVwcdtIBDBMAGsqjFXwRpLMBb4HqFsMsYVwFE6FB3P3RFsekiXw9iuFBTqK9EMuw7Tw0OnIBnKWwEsPSbWwU57QBbQeEFcgooVwQ5owAThfSEcPaWVwWq8oAbh2OFcFn8WwM+F6Av3ebF8IwJWw S_000001
L5P7NBjVQNF8iViYwYqlIBfh6QFseF2YwejwSBzv5WFcj11YwS4zOB3vH0EMMrdYwqpiTBXo8rEMJQJYw6z5SB/2hUEMfj+Xwn2HOBDWdRE8faLXwBw/RB3adGEsOImYwqM3WBfipBEcnT7YwypoLBDMo7DM58iXwB5PPB/CLmDcMrSYwL43SBzKBLDscd6Xwg4IyAjni8CMIMTYwRIP7Av8jqCs8oFYwc9UCB/hn8C86Z7XwRmICBfR3mD8dbFYwazg7A3M79D8wqTYwqc/xAvlInDcWfaYwfs3oAbWQ5DMkjnYww3F+AHUaUE86cYYw+/EEBnqbVEsH8MYwhwMGBXPFCEsQwAYwaUVUBDV00EciDXXw2TCXBn1PuEsdJeYwrCrWBjLKQEMTueXw3thPB72AOEctC/Yw7YOLBHWElDMFWtWwEiUNBTLxRDsm0qYwuKiWBXcuODclnJYwCu36A3T1HCcAWAYwWdUiA/0TnDcxurYwqZloADsWMEMlJtYwvOZGBPQakE817MYw S_000001
LXt7WBblR/Dc+luZwuqjTBPXBREc0mAawlNmcBnW26DM2m8ZwLPHUB7ieSD8FV3ZwBBkWBrbdrCMZHpZwnn4SBPz5FC8X5wZwnQKOBz6hJCc/CWZw4slQBn6nBCc6vdaw7pQUB/YBfB8MJ7aw7owJBDARsBM4QrZwlDyLBXnuJBMRIWaw5AJNBP82k/rKtRawpCiFBXQIWCMRGyZwm9XABfENHCMnk4ZwaGa+AzbWCBci63Zw9TS5A/kemCsmBAawJY/6Ab95RDskuBawhkdzAvwvpDshRKawce5CBjZ3eD8PY6ZwSvoGB3PaBDMq4yZwS1gXBLXhtCcn1GZwIMXaB7ESmC8YI6ZwKMZVBbydTB8lWqZwITiPBz8agCs0jsawgm+HBvb81AMcBaZwEm6IB7OCLBsmywawyJwQBDqJQ/LEfeawrqwxA32pcCc91Eawm89DB/LhAEMX86ZwdlxKBXTAMD8JRtZw S_000001
L3i5TB7NR4BsQ7sbws/DSBbEBpC84zwbwyuDZBrPneBcGmAcwRTMPBjoy+AcYk/bwBMgPBjSdG/7Z9+bwTPGKBPOtz9LW9IcwsXKGBL1v4+7TlqbwkstHBfZnn+rIM0cw7Q4JBjLdD8LbuVdwtDGBBvQ8G/rh3+bwBNyBB/WDG+bqyscwWIMKBjfiO+r3QFewQEMEBbjTA+rUCWewizdAB/C3n6THcucwapj+ALQE9Aczb8bwGfrzAHa9MBcQZBcw9vGtAHLlUAM5CHcwDWzwADJ0QCMjd/bwMqc3ALCgzC8UG5bwX1qzAXp6XDMLf6bwVaRBB7T3oCsMqzbwXj0CBv/v/BMlk1bwvR3QBLpAa+LlafbwmXdSBj51Z+LajWcwcXyKBbcPJ4T35HcwoujIBvG3VA8+T+cwHH37ATv/x9rMHwbwW8d+Azl9B/7zNFdwJaVDBbtUT9zDF+cw8HBpAbVWXCsVJDcwdIPEBDySCDMC/tbw4kFHBPmqwB8TTxbw S_000001
L3GMKBLvlO+7qQFew4EpLBD5gjAMf5Cewd9lNBf6B14rq4dewpDMEBnYTA+bQCWewIktBBXCAS6TzMbew2iq3ADC4G4jAIkew9V4yAPIj18LfiDewxzh1APmbV8b27Nfw2f71ALYO36jdbvfw1mKrAb2EJ/LAYXew/vlqAvIsa+rq8Gfw1b55AL4O52L23Ogw9G+wA3BQU+77uUgwTS4JBjudD8bguVdwWYEiATGYd67KHNfw6xOZATUfLDcitJewH8VQAHHLnCMNjXeweY6YAH4jACs4Ybewv3umAneBBCs4APewDJdsA/C6jCsEXAewkH9mAjs/KD8hl9dwoTVrAz8dvDcAovdwH172AnIbYCMTJ3dwNhR3AT+9eBMs2/dwyArtAjz99AsHpNew0oRCBvAmj9jyI+dwPcnDBTiCV9zJr1ewZjp0ALZEV+DhHlewI4j7AjgJs+LW6VfwJaJjAzJXz+Lo9JewlY7oAvW6BAs0Wdfw+tUkAfTQT7jVbhfw7v9+/K6spCsxLhewgL8mA3FHFEskXudw8G/yAHPCwDM0bmdwsXi+AXM43AsdC8dw S_000001
LVl55AjG652bQ3OgwzxOCBHwH48rUxMgwCvg4ALjgG+TzkdgwcD+wAL1OU+rhuUgwqZKrAnAAJ+LD/ngwKRtgADDXn/747lgwqjUfAX8IWA8ShQgwgJLfArgrBBsiP0gwRWIYAXWMqA8TBJhwJv8UAv3+lBcVPRgwjVdOA3q+1BM7cogwQg71AjsU36jzavfwuVoz/mQ+TBMwyrgwJ7vcAXPCHEcEXsfwJhDMAD1a4DM8F8fwOkELAzpAQDMj9EgwnQQeAbb58C89TDgw8McoAXl/ODMFL3fwsp3nAHuz5DMgJpfw5tHwADNgHEc7pYfwHHzwAPo1xCsNu4fwAybsAP5QPCMrSEgwUcuhAzdjTCcmuIgwvmopA/1mIy7h/rgwE/2vArsi/+7AO1gwSzRVA7jlH+7wTqgwoiKnAr9sjBM2B3gwpgQGAf6fpBsVmHgwdfuNALUVcCMLAugwDS5y/qzr0AcPw5gwoz+5/qYOFEc189fwdENvA/0pWEM37Ofw7IP3AruWAE8V8Vfwrm6wAL56iB8/EHgw S_000001
LvAFgADgYfBc3VdhwVsurAjZ4tBcT4ahwPn0XA7WzyA8gfwhwW5XUAPrdcC8eabhwAMb7/ObRfCs7Zdhwm4Bt/qBKMDs/tYhwdwv1/+XMWDc2bChw6JiCA/93uD8wokhwScc2/S2E0D8D65hwE0S//GQ5AEcFfAhwuAE8/231KE85xWhwvM+KAXiDEEsIgLiwGcTJAfwHdEsJDHiwmBwE/q19SE8nNahw1KXVAbIHDE8Rm3gw3qwZA3MkVEsXIsgwZPeMAHPbjEMbHpgwVdHnAj4OXEMzekgw4BTvALpqIE8XEngwG/J4ALyfMEcwPfgweIbsAjvprDsADzgwTKbiAr5fnDclp6gwuO6r/C31ICcTTShwsfix/OTFWCM2qthwrp3r+iCUMDsaKdhw8GtTArEMoDcojmhwoVip/qS9JEMwC2gwDu2IA3tRYEsSMahwAwki+2OJPEsc+ohwYT2oALtdkE8oJcgweeZyAzfbSD8s91gwamXgAb9fKD8/vDhw S_000001
LO59KAb1CEE8yfLiwghmgAbIs5Dc5uGiwFBPBADB59DcGxgiwg6SJATAHdE8mCHiwnUqTALJGsEc4BViwoDLWADrlBFcDNKiwbpqTAvzI/EcESzhw4gylATq8MFsprMiwDTimA/nEYFsJlgiwVlmgAHMcNF8Mdohwk8olA7p6bFcsb5hwXukxA7vAYF80ftiw6Ui4ALWIqF8WeiiwR6b2/24C0D8155hw68kdAX9ttFsbQ8hwTr++ArGeQFsbixgwubh4ArodfF8Eq5gwK+qwArefdFs23HhwQ/tvAPOBJFMeNOhwZKx1A/Cy3EMJYHhwYgu9A35/7EcoB4gwe9/BBX3/sE83evgwnJlyAvuIlEs+kRhwgOuqAjMYrEcjCehwFbmoA/e9AF8e0chwF5TKAL4CuEMozjiwTFwhALfBmEcPuZiw2cDKAPavLFM+7RiwzdssADgCCFMo5MiwknZZAvt+XFspuchwMThtAfD9iF8/D2hwwqScATlDxFc+2Liwdk65AT3xvFs7uzgwqUvEBr6AxE8Chkgw/YnBBP1vdEs8A0gwQpSmAH9ZgEMklohw S_000001
HXgkxAreBYFsbgtiwj322A7RJDFcrspiwymDvAbg8eF8HlDjwNZi4A/UIqFMdeiiwrGO1A/I7/F8WKjiwXrc7APHZGGcl5SiwzZo5AfYBCGset9hwyTwDBznCGG8WrViwbZhFB7N2NGsNrkiwgEpBBXRKCGsjuxhwMExFBjDPIG89G/hwLUimAf1EYFc8kgiwE2jFBj9NTGsNw5hwdzJDBXRIuFM7kshwtpRGBPVjqFMehahwKE8HBj364FcHGPhwPTZHB3cbVF89ZWhwPUyFBDx0DFMUOihwOl4GBfmpxEceybhwmXqCB7t1IFsew0hwnueBBbaQdFMYL5hw59msA7sjAGsJ0fiwjFh2AfJRDGMmRziwPMn4ArNpOGs0MViwrAPFBLq18FsqLciw+LVBBnSWGGsiTihwwh+JBDJ9FG8u58hwwX3FBDmnXGsVEHiwnMoJBj+ZSFsfdJhwAcPBBbN97Es7V/hw2LJ+AXXygF8AfHiw S_000001
HfGEKBvvzKGsY01iw1n6IBrsv/FMmt9iwy8UKBPB0TGMJVFjwu1dPBzaZKG8vNoiwbzxRBvzAUGs6Yfiw0IZWBfJWRGsDpQiwKbaUBXOVLG8sf+hwjpqaBLu3JGcAVZiw0JaeBvVXPGcRmmiw/gjYBL71EGMwr1hwevVdBPz5FG8f0EiweMbgB/RgJG8vT7iw0OoiBbRoBGMsEyiwQLfgBLUQNGs7t7hwFegWBLpnzFsW0zhw2kCZBrEglFMzflhwBt2cBP5EsFMUiahw0URXB3eGRF8k+jhwSMJTBb1mKF835vhwUZiRBvXU2Ecr4thwbgeQB7MoYFcPa+hwnCRSBXbxsFcq0/hw62uOBTEiYGsueWiwyFNTB/HPZGMiWsiwnkJYBfMLZGc4uMiwxCFZBnchDGs9vjiw/n9ZBfxHHG8qplhwo2vfB3+T9Fs9WHiwjmDhBHOjSGMq0Giw+kdOB785wEsgl2hwUEaTBr5isEsjrjhw08ENBLwETF8MHIiw7TTQBvkB4FcQ2Kiw S_000001
HzKbgBzJgJGMvT7iwdStcBj7yCGcOiFjwSOzhB7W/RG831Hjw3OoiBbRoBGspEyiwZ6GlBLQqFGcU6piwCkpmBvTe5FMudfiwZ7LlBX5hxFs2/MiwbqAnB/V1lFMhbtiwaKLpBXsApF8uy7iwa2plBTgMbFcH3Kiwq+inBv9bUFsT5ciw65YpBrDpaFMSCRjwReIpBDKECFMtlKjwiJaeBHWXPGcUmmiwhIMqBDQ8UFMPBViwzpFjBvBqPFMRULiw9H7iB/d98EMMl/hwHqvkBXwk2Esja0hwmJjgBfpGyEs0UBiwxpscBPGC4EMvNNiw+f3YBTCyrEc2fOiwMGRdBPr5LFcaZYiwaC8gBnyxWFcrIXiwHzukBfqEMGM2Qeiw6/SmBHzKJG8t92iwWtmoBHgUAG8fwbiwUxRlBnAYiFcOt3iw4tomBzb6WFcst7hwfPTnB/nOEFMlbjiwSDZrBTAobF8t7fiwsrZgBHwZkEMoH5hw/q7ZBHzNSFs+AiiwEcHhBTMBmFsT1fiw S_000001
N/5YpB30raF8C+Qjw0ICnBrJcgFM1OejwUEIsBzQReFczeZjwneIpB7PGCFsHlKjwxBcnBvNG0EMoPWjwqHjoBjeqdEsNAXjweQHrBzCGdEMxPMjwEb7mB7JmME8deLjwqcrkBfKnFEcHWXjwrHgrBXRtIE8l2CjwrNCpBzqT2DsRyHjwnMLpBLh5oF8V47iwL5fpBDhTeDMluajwiX8rBPFULE8LiriwLWXtB3Oy2DcWNhiwT0PuBToYXDcfXqiwAcutBre+8DsapLiw3D1sBHgfPEcGk/hwbNUtBnU9PEsyPshw1/XrBrxVfEMsTLiwYy/qBfXvcE8qUgiwN4PnBf8e5E8I5kjwKKrlBrBxzEs7aPjwipyoBjVUZE837ljw//UmBHcBSE8+k9iwzGFtB/3+BEcKTJjwibjoBLkzjDMru7iwDW5nB74gfDsBwjjwAkuuBvhxmD8EBEiwhiqqBrw/rEcm/Diw3m/pBf7ynEMd/niw S_000001
NCIDiBHlX6DchNLjwRbZiBPjMBEM/9ziwnYWfBz+/FE8ncWjwJHGiBzW9HDMq+OjwGIZgBvVi0CsuVejwJz5gBbVEFCMTJgjwTYtjB/WT7B821jjw1UOgBTgyUB8JiMjw96AbBXBB7AMH+Ljwq8fkBLynqAMcQajwRGDiBjT3GAMhhOjwyy3gBnNYN+rXkbjwJZzmBrxX4AsGsLjw2tNoBf2Sh/rqZEjw4JgnBrTLh8LXRKjw6rUqBrU22/rLH3iwpBDrBDM1JBMKCxiwXCJtBr1YRB8x5jiwX4ppBbbAKC8UJ4iwypknBzKSECscTFjwl0sgBju6BDMeTsjw+fDdBnxJ5CscHajwBSzfBDxB0B8GbsjwVpogBfOO1BMkh/iwfFBlBrN8CAcYqljw8UjiBzd7g/LvcAjwCA2dB7DMY+Lx4ajwwRutB3zEFCsRJfiwdCGuBrCKeAszBfiwq9MqBvrtmCsImziwPqlmBTJadCsBYKjw S_000001
NXfoXBvgDDBs2L2iw6nnWBbunPC81HyiwEfDTBDdtGA8If3iwbhnbBXnBhAcUNkiwckfcB7ODQ+LqShiw6KsgB7XCc9bzwTiwK0DjBjUJ8+Lg7ciwnjsgBDpr9+b/j9hwMa3dBHL6U9bVLvhweS8kBzASa/r27MiwdgpjBLv0j+LRB4hw8TOkBvTc02jzB0hw3pmlBHftJB8kQNiwfw6nBbhBlBc+oCiw4aVpB/DgvA8XV5hwKUkoBrSicCMusCiwgvAnB3qp4CcszMiw1yunBnQzhD8OcMiwAYpkBf7zrCcPvXiwioBkBndJCCcnlXiw3O+cBf9G08LDUviwV+WZBP617875QaiwVL8gBL1gd3zpYSiwz0SgBL6NcA8mt9hwavkmBf5SX+75LPiwUfMkBLrxs/b2CshwoljiBL6jO8Dupwhw7SomBfBQ3D8KuTiwbDXpB/nhqDcv4Eiwx+gjB7QuADcxIfiw8+ZiBHWWxBsQBfiw S_000001
H+l2aBzqJW/Lq3chwQg6XBfZOyA8xWnhwcO6XBLfc38bvAPhw76lfBPccTA8QIPhwTGXhBTwe/+77QBhwLCyjBnCYPAM0G5gwK1NlBfvCwAcelLhwBFMjBnGfdBskMrgwVJ/iBDKRIB8I8Ugw4d6lBbpZDCsX7HhwMFilBf1LMCspEwgwud4nBnSv/BsqClgwi93kBroHMEMwQnhwFEzmBHuSEE88zZhwRBuoBnsJSEcv7Thw4p2mBbNxgD8DrShwmjzkBTNUJDceXahwkFyiBPxxVDM97nhwhyviBfddAE80ZvhwAbIhBHkOJE8Ej7hwqnDhBrPA0C84/rhwAxCiBrZNUCMYDhhwUQUkB/QAfCMs5Vhw4+8hBPrzy87tCJhwPpQgBjMDc+rCE1gwfl2kBPqq/+LLYvgwEaQhBLcD8Bc1vugwbHBoBDraKC8XqLhwybKlBz/atCMoIrgwJsYnBXG0fBczvXgwLlAlB3nebEsFlrhwFCMqBLCYNEMHLKhwxgroBrANhEclTZhwkEJhBDrJoBc7sghw S_000001
HSSChB/kx+BsmeFgwCUucBffiCCccvPgwKuQhBv/5bBseDffwh/QiB7LPuCMwRFgwGvykBP8r2Csw22fwCPplBTuQkDs3DAgwiA5lB/58pDsFDXgwItsjB/ZnDEcBtyfwvS4jBv+DJEMInGfwsbFlBLz9JEsQxcgw8OfkBndBWEctAIgwfyNhBnXrPE8O+sewqorgBzZynEs/M7ewaqxmBDtYhEMBHBgwG40dBb4FyEciJPhwMzOhBj1z4E8ngFhw1n+hBfP8MF81nJhwWDtiBb3qsEcP04gwrBqhBvF4YEsdf2gwUvteBDJkQEsFa/gwqzkbB3P2dEc17MhwtiVXBfaiZEMkLWhwyk9dBz+62DMZD5gwvlAhBTl4uDMnjsgwJisiBT6rIE8rIqgw7uTmB/MQgCszdBgwxwpkBL6rxCclFUfwBsgnBjlKoDsl8tfwHUlhBLwQ+D82a2fwHhlmB/JZTEcsglgwlS7iBf/ViEc+MJgwbtAnBnHbfEM5qifwoD6bBTNj8Ec6fYhwlvpjBfcySFctFDhwWd3gBLeIWFsaNThwS9UhBHH0PDszpkgw S_000001
HSwNhBrQrPEcz+sewz35dBbaWCEcrn8ew754hBnBkPEc7t+dw5orgBLbynEsDN7ewy0miBXEU4E8Fayew/x1hBXSlMFMicJfw6UyhBPWYIFsLH3fwMLGeB/Y9UFMk8/ewy7udB7CbgF81wYew8GifB3m/UFMRGFgw329cBvmpiFsBLnfwVS4jBf6DJEs/mGfwA7bfBvzA3F8wCmfwTNvPBragQFsYp5gw8C5SBrWxgFsLrzgw8Y+WBDK0gF8/Bmgw2uwXBzNJNFsE5dgwul2UBHE36EsReigwPwoQBXQ78EcRKxgwo/fNBDvrsE8DJ3gwGfzWBHQfpEc7BXgwK4xaBjMfxEM29LgwyUkbBLyCHF89OPgwRDnkBnrKzEcVp8ew0mtiBLIV7Ec8wPew44VjBPcUYF8T7+ewVfFbB/dRIFMbC8ewrlggBLAFgFMrZRgweMsYB7xOmFcuIrfw5YCgBHHT7Fs7nHfw+X+RBXlSwF80E7gwCijKBDiIvEsqtBhwR3FOBDjFeEMuExgwm4PdBzH5nEsD/Agw S_000001
LecVYBX01eFcOu8dwt5BWBfvDJFsI0BewyjuZBro4mFs1bRdw6xWUBLpcvFs6ZSewPbrVBzz6CGc7kUew5yQSB7bYIGM801ewim/SBPdGDGMG5efwKgRMBr3qHGMPAvewb8RKBD2NPGMgrRew+PKOBjnODGM1R2fwhxHKBnqlJGM0ybfwVrNKBrWiUGcVhnfwkWbMBv5OwF8Cg9fwq7HJBvHRsFcxGQgwFajHBHfQ6FcXIcgwsysHB/sRXFMuySgw6qJJBPhNGF8jLGgwUpgHBnHP0Es2vKgwt3hMBnJgLF8f6ofwEHBOBHHyfFsx1ifw4c7ZBLP7DG8KncewhADVB/ftGGMpM1dwD1jTBbYyQGMOx0ewAa9KB/gAAG8LQhew+XYOBHwFHGMD7Kgwkm6FBvMLHG8ePffwiy/JBTxEZGMQNNfwFaVFBDr+TFcSSfgwkn4NBr/5+EsNzSfw2gnQB/jkjFMWdHfw S_000001
LIaxFBDqkLGM9Xwdwrc7GBDgYAGs8Okdw5aeFBDu+TGcA3OdwifYABr1mLG8olLewNZc8AjGbVGseVcewgejzAfaHTGsMF8ewQaz3AX6NNG8BggfwUjgqAnTAMGMtGsew7I8iA/weRGMPMSewNM3vAfiJGGsVPwfwH5tlA7v8HGsW1VfwQR+ZAXcILGctHsdw1v3IAjEzDGc+sDewo0meAXDuPGMllqfwH14rAv9Q/E8XQUgwE4dmA3RQRFs8WYgwZM1nA/JykFcwQQgwrH5vALU7kFc5/BgwgYG2APupTFMTz3fwLb9zA7w8/E8v4FgwDzf5AvxHuEcpECgw2rk9ArarZFcERZfwH527AXSRuF80NUfwxbvzAj4K2FMQXtfwJ8YBB72EaG8BJsewQFU5AD0YaG8UGCewVmSwAXdDbG8D2DfwTANtAPHdFGscNXewkVutAvtkHG8j8IgwcPYgAf2DBGM7JRfweqAZAzx6UGsQ+Ufwr35fAbetPFs0Dkgwxap3ATmlgEc9yJgwotf/ArdQuEsgBvfw4XPABvbR4Fsx49ew S_000001
LBQ/ZA3zHLG8tHsdwdp3kAz4/DGclrWdw/gVOAvcUTGcn2Sdw4x3IATGzDGsgtDewfMlv/WzfIGMaPceweQKU/qRDAGM6P3ewzIa5/S+n2F8P5TfwvuSa+W18sFsGjfewQ58h/8LwxF8fJOewMPMv/KwxgF8GAbfwM4yM+umFcFco8CfwvN8iAT0eRGMdLSew/2DZ/A3GfFs/AgfwR2nJAfbPTFMyXNfwz8bLAnzN/EMd5ffwfRF+/iUt4E8O76fwDvYcA32JzEsOsRfwIovlAf/A5EccszewMN/sAfWesEMJdqewU4SkA/27NFM0OiewaQMYAHqCaFc/Pvew9dJ8/qT4OGcQ6wewe37P/qCNMGsiuGewcWr47YpVEGMuKHfwF/gU/eT7nF8/pDewX0Vp/SPAdF8l38fwwTmw8ik0LFsye2ewNHO0/s2EnFcSiRfws76dAPUikE8KaefwsJ6pAbvGUFMLDKew2GSWA3DHqFsOYhew S_000001
LxnFw/oQTnFcCXhdwWsyn+0hAmF8bNFdwhVnLA9ieyFcmuRdwf2q8/oWiPFM3Wudwkx8PAhLULFMHcKeww/iOA5Ix0Es8YbewAgT1/E+OyEs90yewrIYNA1p+iEc9N6dw0oygAd/xdE8DVodwW2dm/oBBdE8xruewbszDApb0QE83YUewjAlSA5DaHEMV6wewWnz29e7NdEcCPZewDnvd/CMTMEsXehewq14L/qch7Dca15ew6mlCAf4BNEsvAMewThVJAzEicEM90vdwDXFbArM4aE8GZfdwcw20/aTktEs96odwlRh8+i4ZtEM1b9dwdd4PApxtWFcBOlew8XLfAFigNFcvT5dw0hKdA5S3yE8FouewtjqDA9kFnEchCedwCPmi/ccSUEsZ/MfwCma8/gTeDEM/ZAewvovgAheyKE8kbnewPCwMAXl8AE8GYRewYn18/apt6EMq3SdwjYNb+omo6E8ix3dw S_000001
LSgghAVEgWEs2C3cw+ufTA1SdjEMs7dcwh3CtAtQrWEsb+qcwITwaAxRv8D8W/3cwHz3iARx+cDcmBRdwq2mYANZt0CskzTdwZvnEA5cQ9CcnEqdwX3VRAJe6hCcMdpcwH94gAtuBLCcjzTcw2/2o/w2CiC8k1Zdw7aU9/oi4FCsXX3cwB4BhAJHVKCseZgbwi3JPABelUBMr/TbwuR6EAFh/8AcLsJdwqgzYAfQrgCs+HjcwljoMAHGyCCcSk1cwHwOx/SdpFC8GxDdwZDsh/KEStCs9k9cwnc02/iVhPDM3MrcwGNhQA3bLIDsxNdcw1YqcA7P3lD8sfKcwKfRZ/uUfzDMNSqcwo/1Z+09SmDcee7cw8TeU+Eh77CsbdHdwKhbkA14RpDsxZxdwAGsqA1ZtVDcxkCdw5xmhAlssdCcs6jdwn/bMAV8H6CMB3Rcwws7U/o4XMC85hxdwe/io/IpT5B8ehccwjJ7TApZWvAMm7AdwFDOUAvYoGBslj5cwk2xlAX2peD8SMBcwM/5WA7zpBEcXwFcwjIVj/8cG7Ds/v/cw S_000001
L0tBhAZyVKC8TZgbw52TcApVY1Cc/tQbwQPLrAtjEtBcWmSbw30JPARVlUBsv/Tbw159PA1SQ4/rDDhbwliP2/QBUe+bGXXbwngMH/0oQm/rpswbw++il/0RMr+Lk3paw3k26/0FQ27Lq4MawgyXG/2rgU/7hEabwP0Fk+STT09rawvaw8Ka9/srCf9rj9aZwFuO3+kxQi87heKZwR/4gAx1BLC8ZzTcwyVo7+Knih7jqA0aww7CmATevHCcJUoawFBYkA/mm8As6AxawNxHXA7xCWAcqA/awrBQHAb5KPBc0ZEbwTrRIADcNTCsgE9aw6+2bAXKkjCcb+tawrmMfADkpMDMDzkaw77hp/a5cmC8lKGbwMTHC/6SjGCMLOSbwayIl/qQ8+Ac+ORbwFcSTA9Pcv/7SiDcwj+FdAlVD2+bPbQbwwlB9/QHi14ro8dbwHP8p/AdLVA8AabawxD0r/WZoH+L8QqbweKEa/6Fle+bPTUaw3bVq+ksYr9z/Koaw0KSrAnaZSA8uyrawt6vmATYNWDs3/Zawp/bTAro8hDMdsoawSIJB/QKqKCMP3bbw S_000001
LwVa9/c0+e9bi9aZw47EEA9g/TA8u6WZwPEyMAFsMP4TBdGZwcCP3+U6Qi8bieKZwWf259+4Ky8zUgIZwEAxx/CTtp8zTA6Yw5SgFAb4gt4r3jWZwL8h6/mGVn2jb5NYwUmnx/yXJ99jMWYXwNGUWA36BC97II/YwVb8UAHd/45b0IRYwRlTp/qSYY7jQc5VwjthLAD7/D4r9OdVwgi26/AoP27rv4Maw6L+gA30Un9ja/MYw+HIUAb8TOAMgcAZws+1iAPKe/Ac+m0Yw/LYrA/ljgAczZpYwNTOhAzcNLC8FM2YwZc6PAvnLgCsCsBZwZjUPAD2ZHDskOAZwluL9/6ayECcQbNZwPGNBA/1x0As9lMZw24TU964iW+TJFoZwjnu8+4KHo+DGOyYwP+V7/SmUc/TLR5YwtKem/+c0J97UEGYwIiMjADy7B8bY9KZw/BZaAD2Ls974cvXwsqQaAP2BM/DCT3Xw5JcnADardCMKCuYw/Bec/qOkSCsbGXZw20Un/i8sLAsJyVZw S_000001
LGKTp/qx8X7Dsg5Vwf6nt+CLT78ruu/VwKhxb/SxGL/DtiCVwVwhLADCxD4LQRdVwJbgTA/Dto3zSVIUwCjPlATy2q6bPQBUw18SoALTlD+7ATPVwzsbnA7Dsr+bOu6SwdyBpAz5r28bJGqRwwgvuA/RVJA8UA8Uwz6SxAfh9DA8+LcTw03nx/6GN99TtYYXwHDw6ArfQn+rY6PTwyR1vAHN1oD8wRiVwZrH3AbetMD834FVwzQV2AvadiCMAj8Uw+TlsAjfsUCMplUVwGKPkAXUptCcF5yVwJ1GmAfSHaDMjs5VwAhmdAzSM2D8quVWwVStWA3MiUC8tCFWwz98cAnTQbB87MyVwB31oA3XjWBsm6UVwysVSAPziX+Dr24TwsUtJAjr4Z77kGZTweBspAbOCY8DFV0TwwlwgA7TPCAcbFvSwbSc2AbKVMAcH6dVwXJxyA72/ABsWQ7Swv9y5ALv/w8LcAeSwDa3+AbMmaDcPnzUwj0mgA3YrKEchAZWwAgGPAr+CsDs9YnWwcolSAvFviA8cP5Vw S_000001
LPAdkATsa0+LtqUQw9tNTA33J6/rOWmQwh38lAzZjq7rvhZOwQVUsAXGMpAsx3FQweJd3A3z6bAsZHiPwLxf9AXB5uBcYYtPwCMe8AT6UJCMeJMRwgzT5AvlnaCcb05Nw0l08Arg3UCsPdOLwrmQ8A3Uo2C86fGRw0us9ADkcCDM/AQPww5X1ATH2kCcAozIwlGQ2A30wXDMKM/Iwv0VEBj3dID83XtOwaTbnAXrIdEcH91SwJfLxAXyGbE8hrTSwKBH2Az7lJEc/02RwBm1vAbGlwDsV2/RwGrllA/DsvDcEXhSwYpRhA7LcLEckD+Sw8z/OArXaNEsX2gTwn+ghAzRYGD8L5fSwT5RpA/9hvC8R6+RwCWOyA7v2GDcrnqRwKdA7AzB7Z/rgHdQww4M4AnVcBAcVLgNwWr2CBXN1dBM3CIPwIFiwAXHZbCcPBwNwFCZBBLMQGDcm5pRwDNy5Avm6fDcTjjOwGtWFB7P63CMvrENw8sy1A36AqEssdOSwe3yJAj8wbEM6N0TwyzoFA/2jAEcMcnTwfosoADPxMCcmi0Rw S_000001
Lu6X1AfG2kC83nzIwpS+pAPIjZCMnQVJw/Vh6APs+VCcgJmEwiGQ2AL0wXDcJM/Iw/JKABP7GtDsyOnIwGkH/AD5SOE8xbGJwWoX8ADBTSEsDq3Lw7Pd2AnguZEMo5AHwH4V6AjmOeEML1xBwX7B2AbhLlE8kuAMwBiy0An75tE8khKJw+l08A7g3UC8SdOLwC6D9APi88E8L4vIwIjuLA3q7EF8qIiQwFd+cALl2NF8+b8Pw0KkmArwqEFMpspOwPkLlAfSZvEMizhOwMraZAHwzjEsTrkPwnqcJAvucvE86rdQw4axw/yfcmE807CRwC38bA/HIOEMXdEPwdKEnALgCNE8E5wNwJn4rAzengE8BoXNwG3KDBPs5fDsSN/JwJxoBBrtpnDsgzIFwGyaDBTKEVEc/9dIwfeMvA7ZFQE8bJaGw4J95AXrwxEM3dMNwPKXtALPX2Es9dpIwWt45AfMdLFMxXdIwVW5dATwWfFMCtDQwPGmW/amlvE8YThRwaUus/eimWE8/dARw+ghqAzGy7DsnBDNw S_000001
LOJDyAbV2gEc82x5vAfFpAPWcREcrKK7vFUY4AbLggEMILkPPPzdtALMc4EcSJV7vxHa0ALZ1KFMCLy6v6LCvAbpHeFsc8s/vAuwsAzPEaFsyNdFw4/NkATZGkFsEMF7vfwSlAj8vvFc35jjvwQSjADOAlFcCT7Gwpz2eAjscxF8UHCCwFnZZAvufsFMMNA4PfYpEAz1/4F8IHEwPEJrjADnJDGcWPUCw5WPWArtkVFMxWXIw2CBIAPMHcF8vXVKw6exIAjZrtF8C5YLw85gx/SDTNFszyALwgofs/SlE5E8208Jww9P3+GyCuEsT4pKweLsFArKYzEc2N8Hw/IxUA/ZaBFMSViGwwZ87ALNjHF83aA/voTe2An+TOFcdXnpvYvq0Av9TrFM08N+vwukeAvBOWFct/24vVebkAHvtwFM/EFJwvIiNAjZ3zF8vvkBwQDTmAnZXFGssyZ9vyzJZ/iooRFc5UbMwupJFA/jejEsaMDGwnJRgAvQu8EcFueDw S_000001
L60YZAfKesFcfr/3P/IpTATMaVFMmN64PBTJhAP933FMVWtAQKcpEAj9/4FM21DwPmd1EAzo5HGcaEIrPmENi/2UfLGsgucsvdeYh/alXGG8Xpk9v7RCi+cWUIGssBLmPrENL/MAFPGsjQU6PB5Bm+EC6EGsX7WAwSwLm/IsPJGsaTl3vEGwBAdRRNGsje4/PK+PSANlkQGMe+g1PK1SlADtvvFMJiijvbARx/cI9TG8WBG6vaPsYAJA4SF8NRNIwNz9YAhBSoFcRtGIwo6xKAF0n1FMwCDGwEs00/4ftqF8uj3DwcLwv/k/tUFs/tvDwcQDIAJGYIFsaiKGwea1HAByAzE862WGwWvQo+w7MPFspyJBwM0DV+iBphF8mXk/vzTUD/MWBzFM3jSBw43MTA7oZKG8c/HlvvLhFAXRzLGMVfq6PDjxk/a8QUGsKj8sv9Wdh+kTVAGcYR8yP0YaE/UNOJGsuJCEwvvcCApZJFG8tBF1vEdLs/0vfYGcZnguvxfcjAFM8vFcQ2CJwxG0TAdgIrEsugEIw4Dc3/8+4qEc1QuEw/8Kl/SxGjFsreP7v S_000001
L3BwBAxQRNGMme4/PprdEAR0uBG8HFMBQXGTDABGQVGsZ4UEQc4PSAVlkQGcv9g1P3mZhABVRYGs5K64Pl0UsAt8eTGM61y1PWIRsA5pUNG8K41rvhigwARgpLGs/hN/P5f00Ap1vQGcpQMEQ2CezAF+vEGcrXGov+E/4AlftFGcFa24Pd/Y1AJBYKGMaR5IQDUO9ARumAGsRQTIQKwML/0/EPG8nRU6PLHPBBV+tLGc+fV3PuijtAJAM1FMm3YrvN+6yAFSfjFs1V01vGqP8AtHDkFcqD25vBA9sAZiCRFMsvs2vQveiAFibOF8dETwvHmqcAxNr8EcFtfxvoUBbAZPUhFcsvxAvVVCjAtxkzFspK4UPeZVgA1FXfG8loRvPOk5gAZx/aG8WgoAQGbvxAl6aaGMzxs1PAlSqAhqZGGM++RBQpg05ANEoEGsfEH4vNog7ABMd8Fcm8t8PhClBBpI3QG8Bww9PX/mwANYEEFcOBT6vgITKABH1gF8T6wqP0OHeART+AGcX6QuP S_000001
L2za1ARyYKGMmm5IQtVsqA1B4FGMUdhJQywp6ApHrRGMBE2KQpWO9ANImAGsjhTIQYMrDBtsg/FskWpJQSNkHBtlbyF8uEBIQIqPFB1vQtFsAB4CQ1qGJBlk1cFcrvLJQ7fQNBJMGfFcbpHLQIesGB91eYFMdLUBQXozKB9ehQF8IEZFQC100ApGvQGMOiMEQGK9PBt3UWFM+AkDQEe0BBdOTLFsKQEBQzDJCBJ483EsrD48P42QGBJHaxE8MG14PzV56A9TisE8WCj8PAbJxAFDbyEcgFcAQsCTpApfvmEcnvm/PhkKxAppjGF8idIDQ/GK6AhmASF8k8WDQK4WFBtpwHGswe/JQGSJDBpfA4F8WqnLQyqLLB9ib8FMVR2HQEV1FBN46UFcsaRKQMOlIBpXVXF8lHt6P6PDLBBkL/Ec0GFGQL9+RBFbWdF8dDiGQ0xI7AxLaeEcOJy4P/5ypANQlMFciABFQemB6ApJghFM8qcFQ S_000001
LhfdNBlTbPF8l5qNQPrKIBZPzOF8U5APQ9KRSBFy9VFcPaOPQE0oOBppm4EcTBYMQMByTBthK0EMPZNLQAZ1TBtIYeE83u5JQ6v1PBtHcdEcqvmHQ6LbSB9kSLEcEqpLQ6FwWBRMbEEMkhRNQp76NB9nZIEsnTGHQf08QBV2O1DMiRkJQQUfVB9IAjD8MpUIQ9h05AN476C8tgcFQkEFCBV/2vC8gZOEQdE2CB9gbICs3/PCQCoNGBtVbJD8Uo5EQbJxEBZjfvD8Ff+GQ1nf/AVoq9Dc7UMIQECp2A5QAiDsYckHQwtEtAZtwoDMTAPIQHW9/AZNbTEsxpOJQMIDFBh2cYEcWAHJQiMKIB5oYIE8i9CIQboxUBZhaAFs2ltJQ8+5WBdL00E8iYwMQ8z+XBVeacEsrsNJQsJPPBprlOE8kHHNQ8/iOB5pIBEMFFJDQLVxOBlH7ZDcOCbKQWVUUBV30MDcoeAGQzhH0AdUNlCsscwEQ6SiGB1IW9B8IUTBQfxd/At0opBcYcuBQd6pGBl47nE8QQyJQ S_000001
SCORE:   -52.786   -124.857     23.688           1.489         -9.161                   -3.635         25.300              0.000              2.384     -85.767        -9.646           35.314            -3.805             0.000     -46.750    141.320         0.000            0.000       0.000         0.000         0.000                1.341      42        0      18    S_000002
FOLD_TREE  EDGE 1 2 -1  JEDGE 1 39 1  C2   C4   END  JEDGE 2 38 2  C4   C2   END  EDGE 38 37 -1  JEDGE 37 3 3  C2   C4   END  EDGE 37 36 -1  JEDGE 36 4 4  C4   C2   END  EDGE 4 5 -1  JEDGE 5 35 5  C4   C2   END  EDGE 35 34 -1  JEDGE 34 6 6  C4   C2   END  EDGE 34 33 -1  JEDGE 33 7 7  C4   C2   END  EDGE 33 32 -1  JEDGE 32 8 8  C4   C2   END  EDGE 8 9 -1  EDGE 9 10 -1  EDGE 10 11 -1  JEDGE 9 31 9  C4   C2   END  JEDGE 10 30 10  C2   C4   END  JEDGE 11 29 11  C2   C4   END  EDGE 29 28 -1  JEDGE 28 12 12  C2   C4   END  EDGE 12 13 -1  EDGE 13 14 -1  EDGE 14 15 -1  JEDGE 13 27 13  C4   C2   END  JEDGE 14 26 14  C2   C4   END  JEDGE 15 25 15  C4   C2   END  EDGE 25 24 -1  JEDGE 24 16 16  C4   C2   END  EDGE 16 17 -1  EDGE 17 18 -1  JEDGE 17 23 17  C2   C4   END  JEDGE 18 22 18  C2   C4   END  EDGE 22 19 -1  S_000002
RT -0.982898 0.151856 -0.104169 0.172582 0.956946 -0.233388 0.064243 -0.247375 -0.966788 6.0807 -1.20967 -0.523791   S_000002
RT -0.993461 0.0887771 0.0717886 0.0729021 0.977173 -0.199546 -0.087865 -0.193008 -0.977255 5.96086 0.168417 -1.05002   S_000002
RT -0.990353 0.0324857 -0.134705 0.0646474 0.96817 -0.241803 0.122562 -0.248178 -0.96093 5.85651 -0.833564 -1.22211   S_000002
RT -0.9623 0.147562 0.228481 0.00883291 0.856549 -0.51599 -0.271846 -0.494519 -0.825561 6.00965 -0.0498431 -0.718731   S_000002
RT -0.959368 0.159666 0.232639 0.0548852 0.914345 -0.4012 -0.27677 -0.37213 -0.885956 6.09747 0.0797999 -0.284512   S_000002
RT -0.981496 0.176395 -0.0745029 0.187429 0.805368 -0.562364 -0.0391962 -0.565922 -0.823527 6.22821 -0.242181 -0.971986   S_000002
RT -0.987139 0.152181 -0.0489753 0.159722 0.951872 -0.261589 0.00680949 -0.266047 -0.963936 6.13394 0.0192726 -0.448125   S_000002
RT -0.978998 0.174523 0.105374 0.143136 0.956475 -0.254298 -0.145169 -0.233875 -0.961368 6.1767 0.0638964 -0.202138   S_000002
RT -0.981372 0.178369 0.071365 0.156929 0.958553 -0.237801 -0.110823 -0.222172 -0.968689 6.21691 0.0145648 -0.373898   S_000002
RT -0.971857 0.141956 -0.187998 0.183513 0.956602 -0.226351 0.147708 -0.254481 -0.955731 5.90493 -1.17073 -1.35483   S_000002
RT -0.966387 0.125248 -0.224518 0.183103 0.948338 -0.259091 0.180468 -0.291492 -0.939395 5.93918 -1.24372 -1.38974   S_000002
RT -0.987311 0.124615 -0.0984281 0.147264 0.950416 -0.273902 0.0594156 -0.284921 -0.956708 6.01288 -1.13054 -0.829723   S_000002
RT -0.978456 0.0182877 0.205642 -0.0641325 0.919868 -0.386949 -0.19624 -0.391801 -0.898878 5.79971 0.290704 -0.900717   S_000002
RT -0.964741 -0.0525684 -0.257896 0.0595525 0.910842 -0.408436 0.256374 -0.409394 -0.875596 5.44537 -0.982295 -2.08343   S_000002
RT -0.969003 0.0691927 0.237161 -0.00186802 0.957898 -0.287103 -0.247041 -0.278647 -0.928077 5.87141 0.324637 -0.478895   S_000002
RT -0.95701 0.127031 0.260759 0.0351428 0.943155 -0.330489 -0.287919 -0.307118 -0.907073 6.01114 0.0550478 -0.434483   S_000002
RT -0.973241 0.158715 -0.166166 0.160014 0.987099 0.00562974 0.164916 -0.0211099 -0.986082 5.98859 -1.12536 -1.32475   S_000002
RT -0.890888 0.256426 -0.374919 0.183424 0.958212 0.219513 0.41554 0.126792 -0.900694 5.67221 0.981151 -1.82483   S_000002
ANNOTATED_SEQUENCE: c[RCY:LowerRNA:Virtual_Phosphate]a[RAD:rna_cutpoint_lower]a[RAD:rna_cutpoint_lower:rna_cutpoint_upper]u[URA:rna_cutpoint_upper]a[RAD:rna_cutpoint_lower]u[URA:rna_cutpoint_lower:rna_cutpoint_upper]u[URA:rna_cutpoint_lower:rna_cutpoint_upper]u[URA:rna_cutpoint_upper]auu[URA:rna_cutpoint_lower]a[RAD:rna_cutpoint_upper]aua[RAD:rna_cutpoint_lower]u[URA:rna_cutpoint_upper]cu[URA:rna_cutpoint_lower]u[URA:rna_cutpoint_upper]ccg[RGU:rna_cutpoint_lower]g[RGU:rna_cutpoint_lower:rna_cutpoint_upper]a[RAD:rna_cutpoint_upper]u[URA:rna_cutpoint_lower]a[RAD:rna_cutpoint_lower:rna_cutpoint_upper]u[URA:rna_cutpoint_lower:rna_cutpoint_upper]u[URA:rna_cutpoint_upper]a[RAD:rna_cutpoint_lower]a[RAD:rna_cutpoint_lower:rna_cutpoint_upper]u[URA:rna_cutpoint_lower:rna_cutpoint_upper]a[RAD:rna_cutpoint_upper]aau[URA:rna_cutpoint_lower]a[RAD:rna_cutpoint_upper]uu[URA:rna_cutpoint_lower]g[RGU:UpperRNA:rna_cutpoint_upper] S_000002
NONCANONICAL_CONNECTION: 3  P   2  O3'
NONCANONICAL_CONNECTION: 4  P   3  O3'
NONCANONICAL_CONNECTION: 6  P   5  O3'
NONCANONICAL_CONNECTION: 7  P   6  O3'
NONCANONICAL_CONNECTION: 8  P   7  O3'
NONCANONICAL_CONNECTION: 12  P   11  O3'
NONCANONICAL_CONNECTION: 16  P   15  O3'
NONCANONICAL_CONNECTION: 19  P   18  O3'
NONCANONICAL_CONNECTION: 23  P   22  O3'
NONCANONICAL_CONNECTION: 24  P   23  O3'
NONCANONICAL_CONNECTION: 26  P   25  O3'
NONCANONICAL_CONNECTION: 27  P   26  O3'
NONCANONICAL_CONNECTION: 28  P   27  O3'
NONCANONICAL_CONNECTION: 30  P   29  O3'
NONCANONICAL_CONNECTION: 31  P   30  O3'
NONCANONICAL_CONNECTION: 32  P   31  O3'
NONCANONICAL_CONNECTION: 36  P   35  O3'
NONCANONICAL_CONNECTION: 39  P   38  O3'
LoiOv98huR8LUsJovUwR++OeHS4jWFn2PP1Kd+KR7//7WaUvvEWr1/krSb7rtczjv2z1EARBcX9D95WpvR5UcAp/rE9jc4wQPDL/eAhg0H7TyHc7PvTjkAtqFS67+obzvm2wnABBdW4ze6BAwISroARd5V7bAOn8Pt9EuAd2R27b6+WlPX8a1A52eV8zsCmfPuANlA1K+f/7Y9MAQ7e7sAFAwoA8mtQCQhTe2ANZESAMhgaCQP7xpAVWp2BMKvBEQbf7eA12dGCM00zDQWKaZAZyMtCsvwoFQR88OApE0UBcRDuBQE0VVA9M5HAMtC9/Pjxx7/0ag7+DjecqP2MIDABxKW+DGqq5v1eOhAlSCi/DSfjmvvUBgApAfa+LHwr2vUwtuA1kFg1LQ/JBQf4uyARczw+7+50QvwwB1Aplf+9jiQo0vmcGKA9Ki2Cs7qhFQyiSiAtwyAD8xMHHQYiF8/A2LoBchqiBQyqeJA1P21+rupr8P S_000002
LZ/cmAVC9X9bSuDFw3EUZAh+zU/rGfKEwNzbnAh7kM0LceAJwIchwA1EBo/LExuEwjEG7AhQQq+7RX3FwhGqBBpVoXAclnUEwXVXBBN7vnAc1rK9vr0rABlCZvBcgJvGwh5XCB95o0BMO4EKwJXgCBFdD/B8AWK7v5vxDBBmnUC8ey8Cw/5V+ARJfYCcPCIMw1ULBBZ6dHDMX0aLwVgWJBlgmTCsya3DwFe62A9xD/D86S+6PIGYABlYuzD8za03PZX9BBp7uRDsuTOpPPEi7Ahv04CslRiQvOr7wAZXCADcO/dpPUtnuAl2flD8VnS4P+3vkA9KGxDc9mV7PmJgqAJgefCcFiekvIJNxABo2FCcMn70vxqo7AVxdTC8OwR0v/1m8AdX6L7rZ6pDw0b27Ad9EM+7ysEJwvQeFBFII5/bT0tFwCm34AtPsAC8Mj6GwtQ9FBlMUFCsRxzzv2ErCBBDg2CMbfXDwno2KBZnHxCc0FfDwvQlDBJz1EEccYX6P9dqjAVqDGEsKBg/Pyl8cABAyeD8YTd5PoTsuAR5lQBcWwi6v S_000002
LKxV+AtTfYC8qAIMwdVtyAZ12WCckigLwF2EBBxQANCc6H1OwNVLBBF9dHDML0aLw4AvGB5ZfTDMC6rLwnJmHBx2CAEMIJlKwN6SGBlTuAEcJEfHwEPDEBdNBRE8ni0LwcxNGBlZnXE8e1TOwYHDEBtAGVEM7KQGwwCCEBp9ciE8GEsJwqiRCBdWxgEMR6SQw/I3ABRwW4EcVooPwo4XCBx2o0Bst4EKwZvsIBpKWvEcozsJwFNHrAF0Z2EMZHvwvpKo0A9bm9EcrlY3vfAx7AVmP0E8kdE+vT4R4A9Y5gEckMnAwoTruARjWXEM6Ph+vZL0nAJF8iEcfOb3vL8lcAxXxbEcTG0wvzLytAhoVDEM6GoBwhTu2ARWOBEsIoTEwc6f9ANveSEcLL2DwMiSJBJJk8CcGNnKwww7HBNLfSDstVzNwuUzLBxsmDEMXHDLw70+/AF/WLEcaiSMwskeGBh81dEc6zTDw9DvABt+5tEs9h8JwifqHBVhv+EMZO4Jwfv32AFoiNFMg1exvArkTAFkxkEsKjLWP57WXA9abNEcrwi1vRYq4ANQ3lDc7IsGw S_000002
LtBSCBZHygEch+SQwfNi6ANT/TEsB3SQw7qiFBJ7TiEMtJiRwKF3ABJxW4EsProPwGe7EBpXnIF8xqfPwgp8CB57WbFs883Nwx+pBB5KNUFcybMLw0Ko7A5f7lFM/K1OwYgu9A5cr0FMwTdQwHCk6A1lQgFcOaMKwUFx3AZrCxFcfWTMwUyNGB12nXE8NyTOwecZ9AJoCCGMxHtLwNxixAh97RFsAjnJwoLPrAZbiWFMoq1Gw27wsANX6lFMcc6DwExDjAdrbIFMui+FwnPmgAFQo2EsIMfIw+2fSAlW4qE8PwhHwGEbnApqFzEMKpuKwDacvAB9hAF8FPNLw7+kIBptECFMHLlOwpeAGB5n/NFMXpwQwPtNGBhFHnF8I1/NwIQ11A9fpaF8ipsPwLqW8Ad+8oFMgcVIwEKXvAdxG2FcunbMwx9LABJxJFGcKEZNwKgqcA1jYLF8NL1CwoEDmAVuTlEMXoDMwPvo0AdDj9Ecub8Mw S_000002
LBvV1AJwW3FMxYqRw0EfxAhU6hFsObESw7Yu6ANAsCGMLSqSwRLerAFk3BGMY8ARwZTfsANVoMGseAiQwZKOiAduDQG8ihtPwQNBhA9iLKGcWXONwmksPANiwNG8NRmQwr9tLAhOYVG8mDoRw+I/LApK8IGMDRrMw/Bm+/AHIOGs8R8Ow/AA3/cdhSGscT0SwBKkm+Af4RGccVGSww2vy/4ijYGseQIOwwep8+WLDbFca+hIwoHY4+K+cwF8C2cIwFkP3+wl29FMqLkJwyRvr/gQ9yF84Y8KwNwru/ox/cFc50NLwLsP++IgpQF8tX6Jwo/u7+0jU7E8hL9JwdlsIAdFgXFcGtzMwhLTRA5A7pFsX4bNw3TvGAxIP7FsT4XMwiuLzAltLNGMxGpPwcJUuAd8ESGsWWXRwa6DjARfxYG8dbfPw3yqPAd1CGG85JIRw4+KHAVM+MG81P0Kw9jBg/ATYKGcPnfPwqA1G/YznZG8ZNcOwto8n/eaD4Fc33mGwIhAg+CXWzEcEe+Iw+YWl/sLSzE8sz9KwQynfApdarF8SAtOw S_000002
LL3/2/UohSGc5T0SwEfEBApl2HGsZQXTwla92/Ay+bGsAntTwUxjm+Qe4RGc1VGSwmNYH/qXuaGcNhKSw8ye2/G8cZGcWhIRw6Epn/22iSGsemDQwSakPAH5BUGMmznRwYaedALIIbGcKIUSwqSyEArYMMGMcdMPw4pEZA3T1PG8huUQwIwAlAfb7WGsGRnTwIH2tAPVBPGcppBTwc5tLAJOYVG8qDoRwiBfhAXrFYGsaAKPwgxP//Ge0AGsf+nPwj+EKAP0byFsBjEOwJfDYAjU22FMMteMwDNfDAb1vdF8iaeOwBH9n/CBsWFs80HQw0TqY/ms3DF8oQFQwzZTK/O4LnFcJ56Qw/HCh/+Ei7FcepvQwhAZp9yRSiGsgm/Rw9QEi/SKNbG88sKTwwcB+/SpshGMgE1QwparMAPbnNGMAmWSwnv0HAPjHNG8dnCNwc00iAvP1JG89VfQwLoFkA7qydG8pzMQwm5sKA3IfSFsq7XNwmZ5w9s1JjF82erRwIgPE/21+DGMMnXRw S_000002
L4BHlAryFXG8zBnTwo/QbA7O1QGsGvdUw1JsqADhigGMhRLUwwg1tAvACPGMU3BTwkLU2ALI4SGsQ9MSwXys8AfMsJG8bIpRwB6E2AD9UDGsMjwQwBQcABjjbBG8N2nSwP9NFBnM7EGsaiPTw/ve5Ar1RxFczKwQwQUiBBjUDwFsXpsRw+GHHBny8+FMPqnUwR+kJBfggoFsvRMUwTmedAXuHbGs30TSwbbNGBTgOzFc5z7Qwd2dwALhCkFMr/MRwXqXwA7bxOFs4TzQwYRc3ATnwGF8tlHQwAFwnA3ZMDFcfKPRwnp6eAftWKFsmKBSwPuZQA3u/9EMhmTSwlRKgAP+YgFsJ4ZSwKqaoA/8LsFMhg/Rwg0DzAPdrXGcbGYRwe/n7A3RJYGMbHySw2wyBBTGjNG86/JRw+oa7AXFs/Fc5hdTwv1G8AnRvqFsYnkPw8xMCB3NBhFs+kPSwpquIBfvu8Fsh5bRwE+dnAf20zEsVS9QwHP1TAfjinFM+gCTwjK0oAPGF9FsTFTSw S_000002
LFHHHB/08+F8IqnUw3ZWCBzL95FcXYcVwb/XLBLCbGGcDZLVwD+kJBLigoFMrRMUwqUtJBjvzWFsmhGVwZlvKBffXCF8jrWUwZIrGBf+h/E8CfVTwTZRKBj9SuEsciMVwJ7DPBr8KqEM085VwNzJFBTv1pEs3vPTwBL+IBPHbdE8rvJUwB9NFBXN7EGcUiPTwgTiNB/CyXEszSZTwTs7+AXXWoEsD8nTw0Tf5AbSkVEcPeUTwnjx9AveEGEc28ySwhc1uAnHiVEMq1pTw5LKpAzZylEskIQUw1I7eA7zojEsYEbUwgLUvAvUe4E8MwjUwJYu5Af3H5EMNqPUwiM2MBTFRZFshy2Vwoj4FBTDoVFsZFpVwLB2OBv9MEFMrN+TwbQMHBn1UvE8bo+VwiwcFBXIqiEcWrPSw/0iHBPYYOEMiJmUw641QBHISbEcri6TwJ/uqA/INIE8wOcTw0kgrAHpQGFc0UDVwrCU+AjooHFcNOfUw S_000002
LZdwOBjmNjEsTpcXwutgKBHs3vEcIDEYwYDVUBX9AkEMBx8XwHR3MBPd5KEs9bYXwevUQB7ek1Dc2H1WwbqUNB/NJMDMd7oWwrD6IBPDBSDMF7tVw49pKBTMa6CcxO4XwbaWOBbd9lC8FrXYw8hpEBPTG2CMJ2EWw5ugGBbcMcC8MTSXwE/uIBDD/pBscY2Wwl9UgA3ZIzCs/5nWwVsgnAPzNUC8LgZWwY9HyALCIXCcboRWwzgX1AHd5/CsWmaWwtY9uA/nIjDMOzpWwJv1jAnG1bD8BRwWwylUZA7Nu6DMF19Ww4jF1A/0AEEMyVvWwzJ5+ALVm6D80RjWwlbp/AD8SPDsixVWwoL8RBXxKAEcqT3VwXhwTBnqNwD8G1fXw7aZQB3Cf1Ccw9SWwO9zIBXpDTD8rdQYwGFmDBnC+eC89jSVwCgaDBH18SCcsVAYwLbDMB76cdBsG4XXwOPNkAbtjnBM2VTWwAtvJALfgzD8+jBXwz/GeAnshMEMYPEXwUE8CBHpBIEsIpjWw S_000002
LfxgNBHgyoCsOmKZwvkuLBTP+UDM6yUZw+yYSBj/XXCsSmfZwZ3qIB3I2ICcg9TZwuAVJBrcr2AsEgPZwrRCEB/sMJAsDsUZwTeYABDRLjAcd7yYwGR7ABbNEcA8Mb9Zwll2CBrhkb/7XOhawoeH2ALE5gAcqoCZwfel2AnAaBAsd9wZwLY/0ADtvf8bY/xZwHmbxAXVI3B8boAZwcJZmA77G9BMls9YwcIhgA7Cj+A80z7YwXYfiA3RjnCsIP9YwsSSoAHH4MDMka/YwVdhjA78SvD83IAZw6AnzA3yOHDsSACZwVat3AHz3fC8NZCZwgRBLBT/gnA837vYwVrKMBjXueAc8mnZwTLGFBjZvJ+7SfUZwZkMBB7eKfBsM2HawnSwwAPgcq/7rRxYwqEewAfGFbA8zuGawlae6AXg+O5L3/EawHAFVAr8tqC8SK7YwcC74A/6RjDcTtDZwAYOAB3SKcCs0XEZw S_000002
LOFmCBrtYYAsCAQbw9FYDBjdA2BMWHMbwRkPGBTx4L/7gsrbwwBK5A7bZLA8rPfbwWE60APB3e97GLnbwEz6oALxVx9bM0sbwPT/jAz9X6+r+EGbwIR8kAPDDx/L/aPcwWIplA/XZl+rQb4cwNRlVAvjsNA82ARbweu3SAnbAIAsFhBcwhSdoAjeDNAMxVhdw+QTbALNG/AsSnrdw0XJFAnknF+rplKcwMrlYAL/JnBs/NDbwOVcGA763LC8jI7awE6po/C6W7BMi19awPuUKAr/m1C898vawy1AeA/1OJD8oIsawAn3eAbe1vDMhSkawM88nA/gAuCsbP0awxsVmA/NOFCstH/awke22Af2yL5LDcMbwrFl4Ajynh77zEEcwfammA/HLu2DfR1bw3SrpAXflzAMoQScw1slGAfAMt/rVrCbwc0gLATxz+A8X8Rcwy1CLAfASE8L2GjcwsC/6/Gw0HDMa/pawkhJwAn2n6CsHkxaw6bVtA/ZehBchNFbw S_000002
L5ZdoAbSGNAM6UhdwFxswAXw1NBMpjVdwlgmqAPLpg+bo0EewBLTbArKG/AsLnrdwg+iIA3cUSA8Bp5dwNIar/ygQOB8Au6dw2T2i/WrNsBM8bPdwynOx/yNWQCMs5Tewg+yr/e5ILCsDyAfwtxTD/+GAgCMndRdwaDT6+K5bsCcguAewhNplA7bZl+rbb4cwvlNV/wjIiC88PQeweKFX/G26ZE8hTKcwzgjD+8ksPEsWLecwPaIG+Iwp4D8S7vcwS8oh/CVslDMXwrcwTU0CA/En2DcsRYcw/S6AADC/PEsrzGcwV93QA7BPaEc3FzbwruuTAH94ZDMiEacwtKxLAniv4CswOucw0jWt/2du9CsqB6cwM6IFAfb84+b3BkdwBBNLAfsPu/rRrZew+KZD/GnLoAsUZJewgTyIArvAeC8nYRewXj76+E+2iC8aAEdwdSwF/KweODc0cIewqh5P/UDZSCc5/rewX3vi/opjYEMiKgcwuFhOA337oEMTSnbw2pKfAzDPTE8BHwbwaIFVAPpqbCM8L1cw S_000002
Lj+RDArDuoCM+LhfwjfxYAnrpxC8g0Ofw7BfBA77YUCc03FgwnoCt/epxUDsXqhfwAGGJ96kMXDsddwfwNRc++MSFCEsR3qfwOzuD/EBKHEswg9ew/DSw+au1TEM9i9fwgVzN++qVWE8fOVgwrm4o+QmcdEsMF4ewCn+r9g8TnEM/Pkfwxs2p/Yh0vEMSSzfwYtY7/aCTRF8GXNdw16jR/S79SFMjVmdwkDAi+i70EFcg2BewyQhg/K/+yEsBxCewnYjCA7jBvE8MPrdwl1RJAHWH/EMj5OdwOeRaAT0U9Ecsa1cwUzxKA3+/aEcs10dwDPr6/uKTTEcoLRew5lST/Wt6gEss1aewUhqF/4dlADMNgefwrxfi84o6NDc4LJgwjdku/Yv7BE87m7fw1rou/GD2QEc7n6fwIkAm/cArlEMlGqewCF0H/uyu0EsAJmfwcLMm/sCZ/EMdv5fwj5Oa+ilKiFMs3jdwt9LeAbhUJFcGshcw0ujhAf4AwEMC+1cwvMS+/SuYDEce1few S_000002
LcsCs/GAVfEcN+jgwuN9KATZoXE8ekbgwQchf/2AeaEsBZ6gwiSKr/KSm4EsHeggwfEwX++zUFFs7zmgw4Meh+S61aFsw5bgwR52h+GWyXFcG1Egwcoew/a27nFMdofgwnBdw/+oKzFMXIzgwe+Gh/+I5nF8a31fwNeQw/uqB3F8ulMgwDJQG/asGEGsmJPgwL0gCAjs4dFc42efwGErIADt5mFMFR4ewbILAA/Vu2FM7IpewYsRZAn2vcFsfHkewLzIiAjGDLFcWOyeww+dpA/K3DF8qRcewzBLdADIsCFsWcafwGd9MAvuHMFs02ufwyv5N/8UE9EMCqigwHvhX+OBjHFM5R4gw5raH/YcWjFMSQigw6m5GAzYQeFMKrggwtVR++eIrxFMidefwKJuHAjwt+Fcs7Jgwc3X7+eEkFGchvegwbf9dALS5iFsGEIewo+hiAr9k0EsobofwUTsHA36eFFMD3Ggw S_000002
LnbEOAjv80FM2XAhwTK6ZADeugFcsN9gwq7UIAncA8FsKVWhwyOEbATbvDGccp0gwJbJTArTjOG8kU0gwQPVgAvtbVGMNulgwx99eAvFjRGco3PgwRiSsAfgaVGMDBqgwSLGvAnjbcGc4G7gwo8RpAzPXTGcF7EgwUpzwAfsCZGMThUgwPUT5ADasZG8pxJhwRQmBBLPEdGMCQ7gwC6BwAbfMkGcZZRgw+akABPyCBGc+wZewpD4+A71ULGsOchew6dr4AH5jPG8Fm/ewq7X0An72HG8TLYfw6u+1AzM85FcPXUfwO+y8AX4CzFcqYzewL4P/A7xjeFsOPsewL0QwA7K7uFcYZzfwiEZrAfnC+FMRdEgwz8dtA3eJJGMlB6fwn1bCAPArOG8n0ugwoOUTAHI7RGcHlEhwVmiaA7QldGMsSogwhAavA/VmNG8ULvgw3YdoAz6lYG8fvtfwXNY5AzZRXGsf0SgwhYR3AfNLnGM2FOgwrDWBBvaGRGcqwLewYaGCBnfqaFMTTUewuAJ8AT/GTFcmw+ewFwFmAvA06F8KJSgw S_000002
